lastAccountName: dalao_233
timestamps:
  login: 1493178243622
  logout: 1493178010631
ipAddress: 127.0.0.1
lastlocation:
  world: "\u8fdc\u6d0b\u6218\u8239"
  x: 2.3018461306558193
  y: -66.6768963798221
  z: 56.632526361899096
  yaw: 153.12453
  pitch: 29.699991
logoutlocation:
  world: world
  x: 221.77407314588407
  y: 23.0
  z: 838.2491658607158
  yaw: 234.74933
  pitch: 37.8
